issa khan , 12 , male , 032145874 , sultanpura , gujra , punjab , pakistan , fever , 74 , patient
Ali khan , 19 , Male , 03009000123 , H11 XY 54 , Peshawar , KPK , Pakistan , diabetes , 8 , Patient
  , 19 ,  ,  ,  ,  ,  ,  ,  , 51 , 
  , 19 ,  ,  ,  ,  ,  ,  ,  , 51 , 
  , 19 ,  ,  ,  ,  ,  ,  ,  , 51 , 
  , 19 ,  ,  ,  ,  ,  ,  ,  , 54 , 
  , 19 ,  ,  ,  ,  ,  ,  ,  , 54 , 
  , 19 ,  ,  ,  ,  ,  ,  ,  , 54 , 
  , 19 ,  ,  ,  ,  ,  ,  ,  , 54 , 
  , 19 ,  ,  ,  ,  ,  ,  ,  , 54 , 
  , 19 ,  ,  ,  ,  ,  ,  ,  , 54 , 
  , 19 ,  ,  ,  ,  ,  ,  ,  , 54 , 
  , 19 ,  ,  ,  ,  ,  ,  ,  , 54 , 
  , 19 ,  ,  ,  ,  ,  ,  ,  , 54 , 
  , 19 ,  ,  ,  ,  ,  ,  ,  , 54 , 
  , 19 ,  ,  ,  ,  ,  ,  ,  , 54 , 
  , 19 ,  ,  ,  ,  ,  ,  ,  , 54 , 
  , 19 ,  ,  ,  ,  ,  ,  ,  , 54 , 
  , 19 ,  ,  ,  ,  ,  ,  ,  , 54 , 
  , 19 ,  ,  ,  ,  ,  ,  ,  , 57 , 
  , 19 ,  ,  ,  ,  ,  ,  ,  , 57 , 
  , 19 ,  ,  ,  ,  ,  ,  ,  , 57 , 
  , 19 ,  ,  ,  ,  ,  ,  ,  , 57 , 
  , 19 ,  ,  ,  ,  ,  ,  ,  , 57 , 
  , 19 ,  ,  ,  ,  ,  ,  ,  , 57 , 
  , 19 ,  ,  ,  ,  ,  ,  ,  , 57 , 
  , 19 ,  ,  ,  ,  ,  ,  ,  , 57 , 
  , 19 ,  ,  ,  ,  ,  ,  ,  , 57 , 
  , 19 ,  ,  ,  ,  ,  ,  ,  , 57 , 
  , 19 ,  ,  ,  ,  ,  ,  ,  , 57 , 
  , 19 ,  ,  ,  ,  ,  ,  ,  , 57 , 
  , 19 ,  ,  ,  ,  ,  ,  ,  , 57 , 
  , 19 ,  ,  ,  ,  ,  ,  ,  , 57 , 
  , 19 ,  ,  ,  ,  ,  ,  ,  , 61 , 
  , 19 ,  ,  ,  ,  ,  ,  ,  , 61 , 
  , 19 ,  ,  ,  ,  ,  ,  ,  , 61 , 
  , 19 ,  ,  ,  ,  ,  ,  ,  , 61 , 
  , 19 ,  ,  ,  ,  ,  ,  ,  , 61 , 
  , 19 ,  ,  ,  ,  ,  ,  ,  , 61 , 
  , 19 ,  ,  ,  ,  ,  ,  ,  , 61 , 
  , 19 ,  ,  ,  ,  ,  ,  ,  , 61 , 
  , 19 ,  ,  ,  ,  ,  ,  ,  , 61 , 
  , 19 ,  ,  ,  ,  ,  ,  ,  , 61 , 
  , 19 ,  ,  ,  ,  ,  ,  ,  , 61 , 
  , 19 ,  ,  ,  ,  ,  ,  ,  , 61 , 
  , 19 ,  ,  ,  ,  ,  ,  ,  , 64 , 
  , 19 ,  ,  ,  ,  ,  ,  ,  , 64 , 
  , 19 ,  ,  ,  ,  ,  ,  ,  , 64 , 
  , 19 ,  ,  ,  ,  ,  ,  ,  , 64 , 
  , 19 ,  ,  ,  ,  ,  ,  ,  , 64 , 
  , 19 ,  ,  ,  ,  ,  ,  ,  , 64 , 
  , 19 ,  ,  ,  ,  ,  ,  ,  , 64 , 
  , 19 ,  ,  ,  ,  ,  ,  ,  , 64 , 
  , 19 ,  ,  ,  ,  ,  ,  ,  , 64 , 
  , 19 ,  ,  ,  ,  ,  ,  ,  , 64 , 
  , 19 ,  ,  ,  ,  ,  ,  ,  , 64 , 
  , 19 ,  ,  ,  ,  ,  ,  ,  , 64 , 
  , 19 ,  ,  ,  ,  ,  ,  ,  , 64 , 
  , 19 ,  ,  ,  ,  ,  ,  ,  , 64 , 
  , 19 ,  ,  ,  ,  ,  ,  ,  , 64 , 
  , 19 ,  ,  ,  ,  ,  ,  ,  , 64 , 
  , 19 ,  ,  ,  ,  ,  ,  ,  , 64 , 
  , 19 ,  ,  ,  ,  ,  ,  ,  , 64 , 
  , 19 ,  ,  ,  ,  ,  ,  ,  , 64 , 
  , 19 ,  ,  ,  ,  ,  ,  ,  , 64 , 
  , 19 ,  ,  ,  ,  ,  ,  ,  , 67 , 
  , 19 ,  ,  ,  ,  ,  ,  ,  , 67 , 
  , 19 ,  ,  ,  ,  ,  ,  ,  , 67 , 
  , 19 ,  ,  ,  ,  ,  ,  ,  , 67 , 
  , 19 ,  ,  ,  ,  ,  ,  ,  , 67 , 
  , 19 ,  ,  ,  ,  ,  ,  ,  , 67 , 
  , 19 ,  ,  ,  ,  ,  ,  ,  , 67 , 
  , 19 ,  ,  ,  ,  ,  ,  ,  , 67 , 
  , 19 ,  ,  ,  ,  ,  ,  ,  , 67 , 
  , 19 ,  ,  ,  ,  ,  ,  ,  , 67 , 
  , 19 ,  ,  ,  ,  ,  ,  ,  , 67 , 
  , 19 ,  ,  ,  ,  ,  ,  ,  , 67 , 
  , 19 ,  ,  ,  ,  ,  ,  ,  , 67 , 
  , 19 ,  ,  ,  ,  ,  ,  ,  , 67 , 
  , 19 ,  ,  ,  ,  ,  ,  ,  , 67 , 
  , 19 ,  ,  ,  ,  ,  ,  ,  , 67 , 
  , 19 ,  ,  ,  ,  ,  ,  ,  , 67 , 
  , 19 ,  ,  ,  ,  ,  ,  ,  , 67 , 
  , 19 ,  ,  ,  ,  ,  ,  ,  , 67 , 
  , 19 ,  ,  ,  ,  ,  ,  ,  , 67 , 
  , 19 ,  ,  ,  ,  ,  ,  ,  , 67 , 
  , 19 ,  ,  ,  ,  ,  ,  ,  , 67 , 
  , 19 ,  ,  ,  ,  ,  ,  ,  , 70 , 
  , 19 ,  ,  ,  ,  ,  ,  ,  , 70 , 
  , 19 ,  ,  ,  ,  ,  ,  ,  , 70 , 
  , 19 ,  ,  ,  ,  ,  ,  ,  , 70 , 
  , 19 ,  ,  ,  ,  ,  ,  ,  , 70 , 
  , 19 ,  ,  ,  ,  ,  ,  ,  , 70 , 
  , 19 ,  ,  ,  ,  ,  ,  ,  , 70 , 
  , 19 ,  ,  ,  ,  ,  ,  ,  , 70 , 
  , 19 ,  ,  ,  ,  ,  ,  ,  , 70 , 
  , 19 ,  ,  ,  ,  ,  ,  ,  , 70 , 
  , 19 ,  ,  ,  ,  ,  ,  ,  , 70 , 
  , 19 ,  ,  ,  ,  ,  ,  ,  , 70 , 
  , 19 ,  ,  ,  ,  ,  ,  ,  , 70 , 
  , 19 ,  ,  ,  ,  ,  ,  ,  , 70 , 
  , 19 ,  ,  ,  ,  ,  ,  ,  , 70 , 
  , 19 ,  ,  ,  ,  ,  ,  ,  , 70 , 
  , 19 ,  ,  ,  ,  ,  ,  ,  , 70 , 
  , 19 ,  ,  ,  ,  ,  ,  ,  , 70 , 
  , 19 ,  ,  ,  ,  ,  ,  ,  , 70 , 
  , 19 ,  ,  ,  ,  ,  ,  ,  , 74 , 
  , 19 ,  ,  ,  ,  ,  ,  ,  , 74 , 
  , 19 ,  ,  ,  ,  ,  ,  ,  , 74 , 
  , 19 ,  ,  ,  ,  ,  ,  ,  , 74 , 
  , 19 ,  ,  ,  ,  ,  ,  ,  , 74 , 
  , 19 ,  ,  ,  ,  ,  ,  ,  , 74 , 
  , 19 ,  ,  ,  ,  ,  ,  ,  , 74 , 
  , 19 ,  ,  ,  ,  ,  ,  ,  , 74 , 
  , 19 ,  ,  ,  ,  ,  ,  ,  , 74 , 
  , 19 ,  ,  ,  ,  ,  ,  ,  , 74 , 
  , 19 ,  ,  ,  ,  ,  ,  ,  , 74 , 
  , 19 ,  ,  ,  ,  ,  ,  ,  , 74 , 
  , 19 ,  ,  ,  ,  ,  ,  ,  , 74 , 
  , 19 ,  ,  ,  ,  ,  ,  ,  , 74 , 
  , 19 ,  ,  ,  ,  ,  ,  ,  , 74 , 
  , 19 ,  ,  ,  ,  ,  ,  ,  , 74 , 
  , 19 ,  ,  ,  ,  ,  ,  ,  , 74 , 
  , 19 ,  ,  ,  ,  ,  ,  ,  , 74 , 
  , 19 ,  ,  ,  ,  ,  ,  ,  , 74 , 
  , 19 ,  ,  ,  ,  ,  ,  ,  , 74 , 
  , 19 ,  ,  ,  ,  ,  ,  ,  , 74 , 
  , 19 ,  ,  ,  ,  ,  ,  ,  , 74 , 
  , 19 ,  ,  ,  ,  ,  ,  ,  , 77 , 
  , 19 ,  ,  ,  ,  ,  ,  ,  , 77 , 
  , 19 ,  ,  ,  ,  ,  ,  ,  , 77 , 
  , 19 ,  ,  ,  ,  ,  ,  ,  , 77 , 
  , 19 ,  ,  ,  ,  ,  ,  ,  , 77 , 
  , 19 ,  ,  ,  ,  ,  ,  ,  , 77 , 
  , 19 ,  ,  ,  ,  ,  ,  ,  , 77 , 
  , 19 ,  ,  ,  ,  ,  ,  ,  , 77 , 
  , 19 ,  ,  ,  ,  ,  ,  ,  , 77 , 
  , 19 ,  ,  ,  ,  ,  ,  ,  , 77 , 
  , 19 ,  ,  ,  ,  ,  ,  ,  , 77 , 
  , 19 ,  ,  ,  ,  ,  ,  ,  , 77 , 
  , 19 ,  ,  ,  ,  ,  ,  ,  , 77 , 
  , 19 ,  ,  ,  ,  ,  ,  ,  , 77 , 
  , 19 ,  ,  ,  ,  ,  ,  ,  , 77 , 
  , 19 ,  ,  ,  ,  ,  ,  ,  , 77 , 
  , 19 ,  ,  ,  ,  ,  ,  ,  , 77 , 
  , 19 ,  ,  ,  ,  ,  ,  ,  , 77 , 
  , 19 ,  ,  ,  ,  ,  ,  ,  , 77 , 
  , 19 ,  ,  ,  ,  ,  ,  ,  , 77 , 
  , 19 ,  ,  ,  ,  ,  ,  ,  , 80 , 
  , 19 ,  ,  ,  ,  ,  ,  ,  , 80 , 
  , 19 ,  ,  ,  ,  ,  ,  ,  , 80 , 
  , 19 ,  ,  ,  ,  ,  ,  ,  , 80 , 
  , 19 ,  ,  ,  ,  ,  ,  ,  , 80 , 
  , 19 ,  ,  ,  ,  ,  ,  ,  , 80 , 
  , 19 ,  ,  ,  ,  ,  ,  ,  , 80 , 
  , 19 ,  ,  ,  ,  ,  ,  ,  , 80 , 
  , 19 ,  ,  ,  ,  ,  ,  ,  , 80 , 
  , 19 ,  ,  ,  ,  ,  ,  ,  , 80 , 
  , 19 ,  ,  ,  ,  ,  ,  ,  , 80 , 
  , 19 ,  ,  ,  ,  ,  ,  ,  , 80 , 
  , 19 ,  ,  ,  ,  ,  ,  ,  , 80 , 
  , 19 ,  ,  ,  ,  ,  ,  ,  , 80 , 
  , 19 ,  ,  ,  ,  ,  ,  ,  , 80 , 
  , 19 ,  ,  ,  ,  ,  ,  ,  , 80 , 
  , 19 ,  ,  ,  ,  ,  ,  ,  , 80 , 
  , 19 ,  ,  ,  ,  ,  ,  ,  , 80 , 
  , 19 ,  ,  ,  ,  ,  ,  ,  , 80 , 
  , 19 ,  ,  ,  ,  ,  ,  ,  , 80 , 
  , 19 ,  ,  ,  ,  ,  ,  ,  , 83 , 
  , 19 ,  ,  ,  ,  ,  ,  ,  , 83 , 
  , 19 ,  ,  ,  ,  ,  ,  ,  , 83 , 
  , 19 ,  ,  ,  ,  ,  ,  ,  , 83 , 
  , 19 ,  ,  ,  ,  ,  ,  ,  , 83 , 
  , 19 ,  ,  ,  ,  ,  ,  ,  , 83 , 
  , 19 ,  ,  ,  ,  ,  ,  ,  , 83 , 
  , 19 ,  ,  ,  ,  ,  ,  ,  , 83 , 
  , 19 ,  ,  ,  ,  ,  ,  ,  , 83 , 
  , 19 ,  ,  ,  ,  ,  ,  ,  , 83 , 
  , 19 ,  ,  ,  ,  ,  ,  ,  , 83 , 
  , 19 ,  ,  ,  ,  ,  ,  ,  , 83 , 
  , 19 ,  ,  ,  ,  ,  ,  ,  , 83 , 
  , 19 ,  ,  ,  ,  ,  ,  ,  , 83 , 
  , 19 ,  ,  ,  ,  ,  ,  ,  , 83 , 
  , 19 ,  ,  ,  ,  ,  ,  ,  , 83 , 
  , 19 ,  ,  ,  ,  ,  ,  ,  , 83 , 
  , 19 ,  ,  ,  ,  ,  ,  ,  , 83 , 
  , 19 ,  ,  ,  ,  ,  ,  ,  , 83 , 
  , 19 ,  ,  ,  ,  ,  ,  ,  , 83 , 
  , 19 ,  ,  ,  ,  ,  ,  ,  , 83 , 
  , 19 ,  ,  ,  ,  ,  ,  ,  , 83 , 
  , 19 ,  ,  ,  ,  ,  ,  ,  , 83 , 
  , 19 ,  ,  ,  ,  ,  ,  ,  , 83 , 
  , 19 ,  ,  ,  ,  ,  ,  ,  , 83 , 
  , 19 ,  ,  ,  ,  ,  ,  ,  , 83 , 
  , 19 ,  ,  ,  ,  ,  ,  ,  , 83 , 
  , 19 ,  ,  ,  ,  ,  ,  ,  , 87 , 
  , 19 ,  ,  ,  ,  ,  ,  ,  , 87 , 
  , 19 ,  ,  ,  ,  ,  ,  ,  , 87 , 
  , 19 ,  ,  ,  ,  ,  ,  ,  , 87 , 
  , 19 ,  ,  ,  ,  ,  ,  ,  , 87 , 
  , 19 ,  ,  ,  ,  ,  ,  ,  , 87 , 
  , 19 ,  ,  ,  ,  ,  ,  ,  , 87 , 
  , 19 ,  ,  ,  ,  ,  ,  ,  , 87 , 
  , 19 ,  ,  ,  ,  ,  ,  ,  , 87 , 
  , 19 ,  ,  ,  ,  ,  ,  ,  , 87 , 
  , 19 ,  ,  ,  ,  ,  ,  ,  , 87 , 
  , 19 ,  ,  ,  ,  ,  ,  ,  , 87 , 
  , 19 ,  ,  ,  ,  ,  ,  ,  , 87 , 
  , 19 ,  ,  ,  ,  ,  ,  ,  , 87 , 
  , 19 ,  ,  ,  ,  ,  ,  ,  , 87 , 
  , 19 ,  ,  ,  ,  ,  ,  ,  , 87 , 
  , 19 ,  ,  ,  ,  ,  ,  ,  , 87 , 
  , 19 ,  ,  ,  ,  ,  ,  ,  , 87 , 
  , 19 ,  ,  ,  ,  ,  ,  ,  , 87 , 
  , 19 ,  ,  ,  ,  ,  ,  ,  , 87 , 
  , 19 ,  ,  ,  ,  ,  ,  ,  , 87 , 
  , 19 ,  ,  ,  ,  ,  ,  ,  , 87 , 
  , 19 ,  ,  ,  ,  ,  ,  ,  , 87 , 
  , 19 ,  ,  ,  ,  ,  ,  ,  , 87 , 
  , 19 ,  ,  ,  ,  ,  ,  ,  , 87 , 
  , 19 ,  ,  ,  ,  ,  ,  ,  , 87 , 
  , 19 ,  ,  ,  ,  ,  ,  ,  , 87 , 
  , 19 ,  ,  ,  ,  ,  ,  ,  , 87 , 
  , 19 ,  ,  ,  ,  ,  ,  ,  , 87 , 
  , 19 ,  ,  ,  ,  ,  ,  ,  , 87 , 
  , 19 ,  ,  ,  ,  ,  ,  ,  , 90 , 
  , 19 ,  ,  ,  ,  ,  ,  ,  , 90 , 
  , 19 ,  ,  ,  ,  ,  ,  ,  , 90 , 
  , 19 ,  ,  ,  ,  ,  ,  ,  , 90 , 
  , 19 ,  ,  ,  ,  ,  ,  ,  , 90 , 
  , 19 ,  ,  ,  ,  ,  ,  ,  , 90 , 
  , 19 ,  ,  ,  ,  ,  ,  ,  , 90 , 
  , 19 ,  ,  ,  ,  ,  ,  ,  , 90 , 
  , 19 ,  ,  ,  ,  ,  ,  ,  , 90 , 
  , 19 ,  ,  ,  ,  ,  ,  ,  , 90 , 
  , 19 ,  ,  ,  ,  ,  ,  ,  , 90 , 
  , 19 ,  ,  ,  ,  ,  ,  ,  , 90 , 
  , 19 ,  ,  ,  ,  ,  ,  ,  , 90 , 
  , 19 ,  ,  ,  ,  ,  ,  ,  , 90 , 
  , 19 ,  ,  ,  ,  ,  ,  ,  , 90 , 
  , 19 ,  ,  ,  ,  ,  ,  ,  , 90 , 
  , 19 ,  ,  ,  ,  ,  ,  ,  , 90 , 
  , 19 ,  ,  ,  ,  ,  ,  ,  , 90 , 
  , 19 ,  ,  ,  ,  ,  ,  ,  , 90 , 
  , 19 ,  ,  ,  ,  ,  ,  ,  , 90 , 
  , 19 ,  ,  ,  ,  ,  ,  ,  , 90 , 
  , 19 ,  ,  ,  ,  ,  ,  ,  , 90 , 
  , 19 ,  ,  ,  ,  ,  ,  ,  , 90 , 
  , 19 ,  ,  ,  ,  ,  ,  ,  , 90 , 
  , 19 ,  ,  ,  ,  ,  ,  ,  , 90 , 
  , 19 ,  ,  ,  ,  ,  ,  ,  , 90 , 
  , 19 ,  ,  ,  ,  ,  ,  ,  , 93 , 
  , 19 ,  ,  ,  ,  ,  ,  ,  , 93 , 
  , 19 ,  ,  ,  ,  ,  ,  ,  , 93 , 
  , 19 ,  ,  ,  ,  ,  ,  ,  , 93 , 
  , 19 ,  ,  ,  ,  ,  ,  ,  , 93 , 
  , 19 ,  ,  ,  ,  ,  ,  ,  , 93 , 
  , 19 ,  ,  ,  ,  ,  ,  ,  , 93 , 
  , 19 ,  ,  ,  ,  ,  ,  ,  , 93 , 
  , 19 ,  ,  ,  ,  ,  ,  ,  , 93 , 
  , 19 ,  ,  ,  ,  ,  ,  ,  , 93 , 
  , 19 ,  ,  ,  ,  ,  ,  ,  , 93 , 
  , 19 ,  ,  ,  ,  ,  ,  ,  , 93 , 
  , 19 ,  ,  ,  ,  ,  ,  ,  , 93 , 
  , 19 ,  ,  ,  ,  ,  ,  ,  , 93 , 
  , 19 ,  ,  ,  ,  ,  ,  ,  , 93 , 
  , 19 ,  ,  ,  ,  ,  ,  ,  , 93 , 
  , 19 ,  ,  ,  ,  ,  ,  ,  , 93 , 
  , 19 ,  ,  ,  ,  ,  ,  ,  , 93 , 
  , 19 ,  ,  ,  ,  ,  ,  ,  , 93 , 
  , 19 ,  ,  ,  ,  ,  ,  ,  , 93 , 
  , 19 ,  ,  ,  ,  ,  ,  ,  , 93 , 
  , 19 ,  ,  ,  ,  ,  ,  ,  , 93 , 
  , 19 ,  ,  ,  ,  ,  ,  ,  , 93 , 
  , 19 ,  ,  ,  ,  ,  ,  ,  , 93 , 
  , 19 ,  ,  ,  ,  ,  ,  ,  , 93 , 
  , 19 ,  ,  ,  ,  ,  ,  ,  , 93 , 
  , 19 ,  ,  ,  ,  ,  ,  ,  , 93 , 
  , 19 ,  ,  ,  ,  ,  ,  ,  , 93 , 
  , 19 ,  ,  ,  ,  ,  ,  ,  , 96 , 
  , 19 ,  ,  ,  ,  ,  ,  ,  , 96 , 
  , 19 ,  ,  ,  ,  ,  ,  ,  , 96 , 
  , 19 ,  ,  ,  ,  ,  ,  ,  , 96 , 
  , 19 ,  ,  ,  ,  ,  ,  ,  , 96 , 
  , 19 ,  ,  ,  ,  ,  ,  ,  , 96 , 
  , 19 ,  ,  ,  ,  ,  ,  ,  , 96 , 
  , 19 ,  ,  ,  ,  ,  ,  ,  , 96 , 
  , 19 ,  ,  ,  ,  ,  ,  ,  , 96 , 
  , 19 ,  ,  ,  ,  ,  ,  ,  , 96 , 
  , 19 ,  ,  ,  ,  ,  ,  ,  , 96 , 
  , 19 ,  ,  ,  ,  ,  ,  ,  , 96 , 
  , 19 ,  ,  ,  ,  ,  ,  ,  , 96 , 
